-- Script tạo: Mosque
local parentTarget = game.Workspace

local Mosque = Instance.new("Model")
Mosque.Name = "Mosque"

    local Model = Instance.new("Model")
    Model.Name = "Model"

        local WhiteBlock = Instance.new("Part")
        WhiteBlock.Name = "WhiteBlock"
        WhiteBlock.Size = Vector3.new(2, 5, 2)
        WhiteBlock.CFrame = CFrame.new(-58.1501236, 214.092804, 2.37934113, 0.738020122, -0.000395541429, 0.67477864, 0.000510944985, 1.00000083, 2.39674046e-05, -0.6747787, 0.000327522954, 0.738022983)
        WhiteBlock.Color = Color3.fromRGB(245, 205, 48)
        WhiteBlock.Material = Enum.Material.Foil
        WhiteBlock.Anchored = true
        WhiteBlock.CanCollide = true

            local Mesh = Instance.new("SpecialMesh")
            Mesh.Name = "Mesh"
            Mesh.Parent = WhiteBlock
        WhiteBlock.Parent = Model

        local WhiteBlock = Instance.new("Part")
        WhiteBlock.Name = "WhiteBlock"
        WhiteBlock.Size = Vector3.new(1, 1, 1)
        WhiteBlock.CFrame = CFrame.new(-58.1315536, 211.467804, 2.36224747, 0.738020122, -0.000395541429, 0.67477864, 0.000510944985, 1.00000083, 2.39674046e-05, -0.6747787, 0.000327522954, 0.738022983)
        WhiteBlock.Color = Color3.fromRGB(245, 205, 48)
        WhiteBlock.Material = Enum.Material.Foil
        WhiteBlock.Anchored = true
        WhiteBlock.CanCollide = true
        WhiteBlock.Parent = Model

        local WhiteBlock = Instance.new("Part")
        WhiteBlock.Name = "WhiteBlock"
        WhiteBlock.Size = Vector3.new(1, 1, 1)
        WhiteBlock.CFrame = CFrame.new(-58.1509285, 216.341797, 2.38018036, 0.738020122, -0.000395541429, 0.67477864, 0.000510944985, 1.00000083, 2.39674046e-05, -0.6747787, 0.000327522954, 0.738022983)
        WhiteBlock.Color = Color3.fromRGB(245, 205, 48)
        WhiteBlock.Material = Enum.Material.Foil
        WhiteBlock.Anchored = true
        WhiteBlock.CanCollide = true
        WhiteBlock.Parent = Model

        local GoldCrescent = Instance.new("Part")
        GoldCrescent.Name = "Gold Crescent"
        GoldCrescent.Size = Vector3.new(1, 1, 1)
        GoldCrescent.CFrame = CFrame.new(-58.151001, 218.091797, 2.38032913, -0.000217324807, 0.737999499, -0.674801111, 1.00000095, 0.000297365157, 6.53786037e-06, 0.000205924123, -0.67480123, -0.7380023)
        GoldCrescent.Color = Color3.fromRGB(205, 205, 205)
        GoldCrescent.Material = Enum.Material.Plastic
        GoldCrescent.Anchored = true
        GoldCrescent.CanCollide = true

            local Mesh = Instance.new("SpecialMesh")
            Mesh.Name = "Mesh"
            Mesh.Parent = GoldCrescent
        GoldCrescent.Parent = Model

        local WhiteBlock = Instance.new("Part")
        WhiteBlock.Name = "WhiteBlock"
        WhiteBlock.Size = Vector3.new(1, 1, 1)
        WhiteBlock.CFrame = CFrame.new(-58.1500778, 213.092804, 2.3792572, 0.738020122, -0.000395541429, 0.67477864, 0.000510944985, 1.00000083, 2.39674046e-05, -0.6747787, 0.000327522954, 0.738022983)
        WhiteBlock.Color = Color3.fromRGB(245, 205, 48)
        WhiteBlock.Material = Enum.Material.Foil
        WhiteBlock.Anchored = true
        WhiteBlock.CanCollide = true
        WhiteBlock.Parent = Model

        local WhiteBlock = Instance.new("Part")
        WhiteBlock.Name = "WhiteBlock"
        WhiteBlock.Size = Vector3.new(1, 1, 1)
        WhiteBlock.CFrame = CFrame.new(-58.1501503, 214.717804, 2.37940598, 0.738020122, -0.000395541429, 0.67477864, 0.000510944985, 1.00000083, 2.39674046e-05, -0.6747787, 0.000327522954, 0.738022983)
        WhiteBlock.Color = Color3.fromRGB(245, 205, 48)
        WhiteBlock.Material = Enum.Material.Foil
        WhiteBlock.Anchored = true
        WhiteBlock.CanCollide = true
        WhiteBlock.Parent = Model

        local WhiteBlock = Instance.new("Part")
        WhiteBlock.Name = "WhiteBlock"
        WhiteBlock.Size = Vector3.new(4, 40.5, 4)
        WhiteBlock.CFrame = CFrame.new(-58.1540985, 190.187775, 2.37639999, 0.738020122, -0.000395541429, 0.67477864, 0.000510944985, 1.00000083, 2.39674046e-05, -0.6747787, 0.000327522954, 0.738022983)
        WhiteBlock.Color = Color3.fromRGB(27, 42, 53)
        WhiteBlock.Material = Enum.Material.Concrete
        WhiteBlock.Anchored = true
        WhiteBlock.CanCollide = true

            local Mesh = Instance.new("SpecialMesh")
            Mesh.Name = "Mesh"
            Mesh.Parent = WhiteBlock
        WhiteBlock.Parent = Model

        local WhiteBlock = Instance.new("Part")
        WhiteBlock.Name = "WhiteBlock"
        WhiteBlock.Size = Vector3.new(6, 6, 5.200000762939453)
        WhiteBlock.CFrame = CFrame.new(-58.1307144, 169.437744, 2.36077499, 0.738020539, 0.674778044, 0.000394852483, 0.000510081474, 2.38967223e-05, -1.00000083, -0.674777985, 0.738023579, -0.000326997106)
        WhiteBlock.Color = Color3.fromRGB(27, 42, 53)
        WhiteBlock.Material = Enum.Material.Concrete
        WhiteBlock.Anchored = true
        WhiteBlock.CanCollide = true

            local Mesh = Instance.new("SpecialMesh")
            Mesh.Name = "Mesh"
            Mesh.Parent = WhiteBlock
        WhiteBlock.Parent = Model

        local WhiteBlock = Instance.new("Part")
        WhiteBlock.Name = "WhiteBlock"
        WhiteBlock.Size = Vector3.new(6, 6, 5.200000762939453)
        WhiteBlock.CFrame = CFrame.new(-58.1243095, 136.337723, 2.35466385, 0.738020539, 0.674778044, 0.000394852483, 0.000510081474, 2.38967223e-05, -1.00000083, -0.674777985, 0.738023579, -0.000326997106)
        WhiteBlock.Color = Color3.fromRGB(149, 121, 119)
        WhiteBlock.Material = Enum.Material.Concrete
        WhiteBlock.Anchored = true
        WhiteBlock.CanCollide = true

            local Mesh = Instance.new("SpecialMesh")
            Mesh.Name = "Mesh"
            Mesh.Parent = WhiteBlock
        WhiteBlock.Parent = Model

        local WhiteBlock = Instance.new("Part")
        WhiteBlock.Name = "WhiteBlock"
        WhiteBlock.Size = Vector3.new(10, 38.5, 10)
        WhiteBlock.CFrame = CFrame.new(-58.1284256, 150.237732, 2.35640335, 0.738020122, -0.000395541429, 0.67477864, 0.000510944985, 1.00000083, 2.39674046e-05, -0.6747787, 0.000327522954, 0.738022983)
        WhiteBlock.Color = Color3.fromRGB(149, 121, 119)
        WhiteBlock.Material = Enum.Material.Concrete
        WhiteBlock.Anchored = true
        WhiteBlock.CanCollide = true
        WhiteBlock.Parent = Model

        local WhiteBlock = Instance.new("Part")
        WhiteBlock.Name = "WhiteBlock"
        WhiteBlock.Size = Vector3.new(14, 2.200000762939453, 14)
        WhiteBlock.CFrame = CFrame.new(-58.1234856, 133.837723, 2.35380554, 0.738020122, -0.000395541429, 0.67477864, 0.000510944985, 1.00000083, 2.39674046e-05, -0.6747787, 0.000327522954, 0.738022983)
        WhiteBlock.Color = Color3.fromRGB(149, 121, 119)
        WhiteBlock.Material = Enum.Material.Concrete
        WhiteBlock.Anchored = true
        WhiteBlock.CanCollide = true
        WhiteBlock.Parent = Model

        local WhiteBlock = Instance.new("Part")
        WhiteBlock.Name = "WhiteBlock"
        WhiteBlock.Size = Vector3.new(6, 6, 5.200000762939453)
        WhiteBlock.CFrame = CFrame.new(-58.114563, 92.5376816, 2.34498215, 0.738020539, 0.674778044, 0.000394852483, 0.000510081474, 2.38967223e-05, -1.00000083, -0.674777985, 0.738023579, -0.000326997106)
        WhiteBlock.Color = Color3.fromRGB(149, 121, 119)
        WhiteBlock.Material = Enum.Material.Concrete
        WhiteBlock.Anchored = true
        WhiteBlock.CanCollide = true

            local Mesh = Instance.new("SpecialMesh")
            Mesh.Name = "Mesh"
            Mesh.Parent = WhiteBlock
        WhiteBlock.Parent = Model

        local WhiteBlock = Instance.new("Part")
        WhiteBlock.Name = "WhiteBlock"
        WhiteBlock.Size = Vector3.new(14, 2.200000762939453, 14)
        WhiteBlock.CFrame = CFrame.new(-58.1144638, 90.0376816, 2.34476852, 0.738020122, -0.000395541429, 0.67477864, 0.000510944985, 1.00000083, 2.39674046e-05, -0.6747787, 0.000327522954, 0.738022983)
        WhiteBlock.Color = Color3.fromRGB(149, 121, 119)
        WhiteBlock.Material = Enum.Material.Concrete
        WhiteBlock.Anchored = true
        WhiteBlock.CanCollide = true
        WhiteBlock.Parent = Model

        local WhiteBlock = Instance.new("Part")
        WhiteBlock.Name = "WhiteBlock"
        WhiteBlock.Size = Vector3.new(10, 46.5, 10)
        WhiteBlock.CFrame = CFrame.new(-58.1217422, 109.437698, 2.34965134, 0.738020122, -0.000395541429, 0.67477864, 0.000510944985, 1.00000083, 2.39674046e-05, -0.6747787, 0.000327522954, 0.738022983)
        WhiteBlock.Color = Color3.fromRGB(149, 121, 119)
        WhiteBlock.Material = Enum.Material.Concrete
        WhiteBlock.Anchored = true
        WhiteBlock.CanCollide = true
        WhiteBlock.Parent = Model

        local WhiteBlock = Instance.new("Part")
        WhiteBlock.Name = "WhiteBlock"
        WhiteBlock.Size = Vector3.new(10, 52.5, 10)
        WhiteBlock.CFrame = CFrame.new(-58.1105309, 63.6376572, 2.34125137, 0.738020122, -0.000395541429, 0.67477864, 0.000510944985, 1.00000083, 2.39674046e-05, -0.6747787, 0.000327522954, 0.738022983)
        WhiteBlock.Color = Color3.fromRGB(149, 121, 119)
        WhiteBlock.Material = Enum.Material.Concrete
        WhiteBlock.Anchored = true
        WhiteBlock.CanCollide = true
        WhiteBlock.Parent = Model
    Model.Parent = Mosque

    local Texturelirampa = Instance.new("WedgePart")
    Texturelirampa.Name = "Textureli rampa"
    Texturelirampa.Size = Vector3.new(1, 23, 9)
    Texturelirampa.CFrame = CFrame.new(-59.2317734, 26.4021835, 18.9278984, -0.62239784, -0.261495203, 0.737721324, -0.387697905, 0.921789229, -0.000356833538, -0.679933608, -0.286238015, -0.675099373)
    Texturelirampa.Color = Color3.fromRGB(149, 121, 119)
    Texturelirampa.Material = Enum.Material.Slate
    Texturelirampa.Anchored = true
    Texturelirampa.CanCollide = true
    Texturelirampa.Parent = Mosque

    local Texturelirampa = Instance.new("WedgePart")
    Texturelirampa.Name = "Textureli rampa"
    Texturelirampa.Size = Vector3.new(1, 23.200000762939453, 9)
    Texturelirampa.CFrame = CFrame.new(-58.5935974, 26.5222092, 18.9175758, -0.679721594, 0.286927879, -0.675016344, 0.388527721, 0.921434581, 0.000443826837, 0.622110546, -0.261959404, -0.737808287)
    Texturelirampa.Color = Color3.fromRGB(149, 121, 119)
    Texturelirampa.Material = Enum.Material.Slate
    Texturelirampa.Anchored = true
    Texturelirampa.CanCollide = true
    Texturelirampa.Parent = Mosque

    local BeveledGreyTilesTexture = Instance.new("Part")
    BeveledGreyTilesTexture.Name = "BeveledGreyTilesTexture"
    BeveledGreyTilesTexture.Size = Vector3.new(12, 32, 1)
    BeveledGreyTilesTexture.CFrame = CFrame.new(-70.9015579, 31.4811478, 2.38453293, -0.286804318, 0.675196588, -0.679597735, -0.921413481, -0.000273670914, 0.388590127, 0.262187451, 0.737643659, 0.622212589)
    BeveledGreyTilesTexture.Color = Color3.fromRGB(149, 121, 119)
    BeveledGreyTilesTexture.Material = Enum.Material.Slate
    BeveledGreyTilesTexture.Anchored = true
    BeveledGreyTilesTexture.CanCollide = true
    BeveledGreyTilesTexture.Parent = Mosque

    local Texturelirampa = Instance.new("WedgePart")
    Texturelirampa.Name = "Textureli rampa"
    Texturelirampa.Size = Vector3.new(1, 20.599998474121094, 5.399996757507324)
    Texturelirampa.CFrame = CFrame.new(-109.264267, 30.6032257, -39.2997322, -0.416621357, -0.531247199, 0.737701237, -0.787039459, 0.61690408, -0.000232167571, -0.454969108, -0.580698192, -0.675127447)
    Texturelirampa.Color = Color3.fromRGB(149, 121, 119)
    Texturelirampa.Material = Enum.Material.Slate
    Texturelirampa.Anchored = true
    Texturelirampa.CanCollide = true
    Texturelirampa.Parent = Mosque

    local Texturelirampa = Instance.new("WedgePart")
    Texturelirampa.Name = "Textureli rampa"
    Texturelirampa.Size = Vector3.new(1, 1, 1)
    Texturelirampa.CFrame = CFrame.new(-91.348877, 31.9442902, -20.2444534, 0.680070579, -0.286605626, -0.674805224, -0.388352931, -0.921513617, 1.23075488e-05, -0.621845007, 0.262052834, -0.738001645)
    Texturelirampa.Color = Color3.fromRGB(149, 121, 119)
    Texturelirampa.Material = Enum.Material.Slate
    Texturelirampa.Anchored = true
    Texturelirampa.CanCollide = true
    Texturelirampa.Parent = Mosque

    local Texturelirampa = Instance.new("WedgePart")
    Texturelirampa.Name = "Textureli rampa"
    Texturelirampa.Size = Vector3.new(1, 2, 6)
    Texturelirampa.CFrame = CFrame.new(-88.5569611, 33.3272095, -18.0546303, 0.680070579, -0.286605626, -0.674805224, -0.388352931, -0.921513617, 1.23075488e-05, -0.621845007, 0.262052834, -0.738001645)
    Texturelirampa.Color = Color3.fromRGB(149, 121, 119)
    Texturelirampa.Material = Enum.Material.Slate
    Texturelirampa.Anchored = true
    Texturelirampa.CanCollide = true
    Texturelirampa.Parent = Mosque

    local Texturelirampa = Instance.new("WedgePart")
    Texturelirampa.Name = "Textureli rampa"
    Texturelirampa.Size = Vector3.new(1, 4, 1)
    Texturelirampa.CFrame = CFrame.new(-93.9883423, 27.7982178, -20.5413322, 0.680070579, -0.286605626, -0.674805224, -0.388352931, -0.921513617, 1.23075488e-05, -0.621845007, 0.262052834, -0.738001645)
    Texturelirampa.Color = Color3.fromRGB(149, 121, 119)
    Texturelirampa.Material = Enum.Material.Slate
    Texturelirampa.Anchored = true
    Texturelirampa.CanCollide = true
    Texturelirampa.Parent = Mosque

    local Texturelirampa = Instance.new("WedgePart")
    Texturelirampa.Name = "Textureli rampa"
    Texturelirampa.Size = Vector3.new(1, 2, 1)
    Texturelirampa.CFrame = CFrame.new(-83.0062103, 30.5627594, -10.2575493, -0.680086374, -0.286671609, 0.674761057, 0.388431042, -0.92148006, -1.8209083e-07, 0.621778309, 0.262096792, 0.738041997)
    Texturelirampa.Color = Color3.fromRGB(149, 121, 119)
    Texturelirampa.Material = Enum.Material.Slate
    Texturelirampa.Anchored = true
    Texturelirampa.CanCollide = true
    Texturelirampa.Parent = Mosque

    local Texturelirampa = Instance.new("WedgePart")
    Texturelirampa.Name = "Textureli rampa"
    Texturelirampa.Size = Vector3.new(1, 2, 1)
    Texturelirampa.CFrame = CFrame.new(-92.4531174, 30.5622787, -20.5898628, 0.680070579, -0.286605626, -0.674805224, -0.388352931, -0.921513617, 1.23075488e-05, -0.621845007, 0.262052834, -0.738001645)
    Texturelirampa.Color = Color3.fromRGB(149, 121, 119)
    Texturelirampa.Material = Enum.Material.Slate
    Texturelirampa.Anchored = true
    Texturelirampa.CanCollide = true
    Texturelirampa.Parent = Mosque

    local Texturelirampa = Instance.new("WedgePart")
    Texturelirampa.Name = "Textureli rampa"
    Texturelirampa.Size = Vector3.new(2, 3.5999996662139893, 8.599996566772461)
    Texturelirampa.CFrame = CFrame.new(-107.132416, 20.3105927, -30.8932915, 0.675128043, -0.737700701, -0.0002884485, -0.0001233082, 0.000284359296, -1.0000025, 0.737706363, 0.675128222, 0.000100131248)
    Texturelirampa.Color = Color3.fromRGB(149, 121, 119)
    Texturelirampa.Material = Enum.Material.Slate
    Texturelirampa.Anchored = true
    Texturelirampa.CanCollide = true
    Texturelirampa.Parent = Mosque

    local Texturelirampa = Instance.new("WedgePart")
    Texturelirampa.Name = "Textureli rampa"
    Texturelirampa.Size = Vector3.new(1, 23.199996948242188, 9)
    Texturelirampa.CFrame = CFrame.new(-119.393311, 26.5474854, -46.8026314, -0.621733785, 0.262653083, 0.737875879, 0.388801485, 0.92132616, -0.000355786295, -0.679919422, 0.286668301, -0.674936771)
    Texturelirampa.Color = Color3.fromRGB(149, 121, 119)
    Texturelirampa.Material = Enum.Material.Slate
    Texturelirampa.Anchored = true
    Texturelirampa.CanCollide = true
    Texturelirampa.Parent = Mosque

    local Texturelirampa = Instance.new("WedgePart")
    Texturelirampa.Name = "Textureli rampa"
    Texturelirampa.Size = Vector3.new(1, 4, 1)
    Texturelirampa.CFrame = CFrame.new(-83.1911163, 27.7986221, -8.73364639, -0.680086374, -0.286671609, 0.674761057, 0.388431042, -0.92148006, -1.8209083e-07, 0.621778309, 0.262096792, 0.738041997)
    Texturelirampa.Color = Color3.fromRGB(149, 121, 119)
    Texturelirampa.Material = Enum.Material.Slate
    Texturelirampa.Anchored = true
    Texturelirampa.CanCollide = true
    Texturelirampa.Parent = Mosque

    local Texturelirampa = Instance.new("WedgePart")
    Texturelirampa.Name = "Textureli rampa"
    Texturelirampa.Size = Vector3.new(1, 2, 6)
    Texturelirampa.CFrame = CFrame.new(-85.1830444, 33.3280258, -14.364521, -0.680086374, -0.286671609, 0.674761057, 0.388431042, -0.92148006, -1.8209083e-07, 0.621778309, 0.262096792, 0.738041997)
    Texturelirampa.Color = Color3.fromRGB(149, 121, 119)
    Texturelirampa.Material = Enum.Material.Slate
    Texturelirampa.Anchored = true
    Texturelirampa.CanCollide = true
    Texturelirampa.Parent = Mosque

    local Texturelirampa = Instance.new("WedgePart")
    Texturelirampa.Name = "Textureli rampa"
    Texturelirampa.Size = Vector3.new(1, 1, 1)
    Texturelirampa.CFrame = CFrame.new(-83.2508011, 31.9448395, -11.3888359, -0.680086374, -0.286671609, 0.674761057, 0.388431042, -0.92148006, -1.8209083e-07, 0.621778309, 0.262096792, 0.738041997)
    Texturelirampa.Color = Color3.fromRGB(149, 121, 119)
    Texturelirampa.Material = Enum.Material.Slate
    Texturelirampa.Anchored = true
    Texturelirampa.CanCollide = true
    Texturelirampa.Parent = Mosque

    local Texturelirampa = Instance.new("WedgePart")
    Texturelirampa.Name = "Textureli rampa"
    Texturelirampa.Size = Vector3.new(1, 23, 9)
    Texturelirampa.CFrame = CFrame.new(-119.404572, 26.4295349, -47.4373398, 0.679423988, 0.287062347, 0.675262511, -0.388403386, 0.92149204, -0.000947343418, -0.622520387, -0.261629373, 0.737582505)
    Texturelirampa.Color = Color3.fromRGB(149, 121, 119)
    Texturelirampa.Material = Enum.Material.Slate
    Texturelirampa.Anchored = true
    Texturelirampa.CanCollide = true
    Texturelirampa.Parent = Mosque

    local Part = Instance.new("Part")
    Part.Name = "Part"
    Part.Size = Vector3.new(2, 1, 2)
    Part.CFrame = CFrame.new(-59.9943085, 7.99363708, 24.9235268, -0.674587369, -0.738195062, 0.00010089601, 0.000245256611, -8.12895596e-05, 1.00000226, -0.738200665, 0.674587488, 0.000236740336)
    Part.Color = Color3.fromRGB(128, 187, 219)
    Part.Material = Enum.Material.Slate
    Part.Anchored = true
    Part.CanCollide = true
    Part.Parent = Mosque

    local BeveledGreyTilesTexture = Instance.new("Part")
    BeveledGreyTilesTexture.Name = "BeveledGreyTilesTexture"
    BeveledGreyTilesTexture.Size = Vector3.new(12, 32, 1)
    BeveledGreyTilesTexture.CFrame = CFrame.new(-103.987122, 31.4869614, -33.7589951, -0.286941618, 0.675157964, -0.679578125, -0.921371996, -0.0003556007, 0.388688028, 0.262183249, 0.737678826, 0.622172415)
    BeveledGreyTilesTexture.Color = Color3.fromRGB(149, 121, 119)
    BeveledGreyTilesTexture.Material = Enum.Material.Slate
    BeveledGreyTilesTexture.Anchored = true
    BeveledGreyTilesTexture.CanCollide = true
    BeveledGreyTilesTexture.Parent = Mosque

    local Part = Instance.new("Part")
    Part.Name = "Part"
    Part.Size = Vector3.new(1, 1, 97)
    Part.CFrame = CFrame.new(-92.7513123, 8.50543213, -10.8429031, -0.737906575, 0.000691100897, -0.674902499, 0.000467146339, 1.00000179, 0.00051991723, 0.674902976, 6.91922032e-05, -0.737912238)
    Part.Color = Color3.fromRGB(128, 187, 219)
    Part.Material = Enum.Material.Slate
    Part.Anchored = true
    Part.CanCollide = true
    Part.Parent = Mosque

    local BeveledGreyTilesTexture = Instance.new("Part")
    BeveledGreyTilesTexture.Name = "BeveledGreyTilesTexture"
    BeveledGreyTilesTexture.Size = Vector3.new(15, 1, 98)
    BeveledGreyTilesTexture.CFrame = CFrame.new(-91.9571152, 8.5104599, -10.8915634, -0.000373588322, 0.737692237, 0.675137222, -1.00000179, -0.00019567553, -0.000346505782, -0.000124505095, -0.675137579, 0.73769778)
    BeveledGreyTilesTexture.Color = Color3.fromRGB(149, 121, 119)
    BeveledGreyTilesTexture.Material = Enum.Material.Slate
    BeveledGreyTilesTexture.Anchored = true
    BeveledGreyTilesTexture.CanCollide = true
    BeveledGreyTilesTexture.Parent = Mosque

    local Part = Instance.new("Part")
    Part.Name = "Part"
    Part.Size = Vector3.new(2, 1, 2)
    Part.CFrame = CFrame.new(-58.4722824, 7.99668884, 24.9505882, -0.737225533, -0.675645947, -0.00103853608, 0.000573119265, 0.000918226317, -1.00000107, 0.675646663, -0.737231314, -0.000290420518)
    Part.Color = Color3.fromRGB(128, 187, 219)
    Part.Material = Enum.Material.Slate
    Part.Anchored = true
    Part.CanCollide = true
    Part.Parent = Mosque

    local BeveledGreyTilesTexture = Instance.new("Part")
    BeveledGreyTilesTexture.Name = "BeveledGreyTilesTexture"
    BeveledGreyTilesTexture.Size = Vector3.new(2, 1, 1)
    BeveledGreyTilesTexture.CFrame = CFrame.new(-93.1278992, 30.5623169, -21.3278847, -0.28666231, 0.6747787, -0.680071712, -0.921494067, -3.70612797e-05, 0.388392687, 0.262053311, 0.738022983, 0.621814787)
    BeveledGreyTilesTexture.Color = Color3.fromRGB(149, 121, 119)
    BeveledGreyTilesTexture.Material = Enum.Material.Slate
    BeveledGreyTilesTexture.Anchored = true
    BeveledGreyTilesTexture.CanCollide = true
    BeveledGreyTilesTexture.Parent = Mosque

    local BeveledGreyTilesTexture = Instance.new("Part")
    BeveledGreyTilesTexture.Name = "BeveledGreyTilesTexture"
    BeveledGreyTilesTexture.Size = Vector3.new(11, 81, 1)
    BeveledGreyTilesTexture.CFrame = CFrame.new(-90.7410889, 20.8886642, -12.6721497, -0.286747992, 0.675216258, -0.679601848, -0.921454191, -0.000309663505, 0.388489664, 0.262103498, 0.737622559, 0.622269273)
    BeveledGreyTilesTexture.Color = Color3.fromRGB(149, 121, 119)
    BeveledGreyTilesTexture.Material = Enum.Material.Slate
    BeveledGreyTilesTexture.Anchored = true
    BeveledGreyTilesTexture.CanCollide = true
    BeveledGreyTilesTexture.Parent = Mosque

    local BeveledGreyTilesTexture = Instance.new("Part")
    BeveledGreyTilesTexture.Name = "BeveledGreyTilesTexture"
    BeveledGreyTilesTexture.Size = Vector3.new(3, 17, 1)
    BeveledGreyTilesTexture.CFrame = CFrame.new(-86.1547241, 35.6302032, -16.867506, -0.286804318, 0.675196588, -0.679597735, -0.921413481, -0.000273670914, 0.388590127, 0.262187451, 0.737643659, 0.622212589)
    BeveledGreyTilesTexture.Color = Color3.fromRGB(149, 121, 119)
    BeveledGreyTilesTexture.Material = Enum.Material.Slate
    BeveledGreyTilesTexture.Anchored = true
    BeveledGreyTilesTexture.CanCollide = true
    BeveledGreyTilesTexture.Parent = Mosque

    local BeveledGreyTilesTexture = Instance.new("Part")
    BeveledGreyTilesTexture.Name = "BeveledGreyTilesTexture"
    BeveledGreyTilesTexture.Size = Vector3.new(2, 1, 1)
    BeveledGreyTilesTexture.CFrame = CFrame.new(-90.9186707, 33.3273392, -20.6377087, -0.28666231, 0.6747787, -0.680071712, -0.921494067, -3.70612797e-05, 0.388392687, 0.262053311, 0.738022983, 0.621814787)
    BeveledGreyTilesTexture.Color = Color3.fromRGB(149, 121, 119)
    BeveledGreyTilesTexture.Material = Enum.Material.Slate
    BeveledGreyTilesTexture.Anchored = true
    BeveledGreyTilesTexture.CanCollide = true
    BeveledGreyTilesTexture.Parent = Mosque

    local BeveledGreyTilesTexture = Instance.new("Part")
    BeveledGreyTilesTexture.Name = "BeveledGreyTilesTexture"
    BeveledGreyTilesTexture.Size = Vector3.new(3, 2, 1)
    BeveledGreyTilesTexture.CFrame = CFrame.new(-92.0740051, 32.8663788, -21.613884, -0.28666231, 0.6747787, -0.680071712, -0.921494067, -3.70612797e-05, 0.388392687, 0.262053311, 0.738022983, 0.621814787)
    BeveledGreyTilesTexture.Color = Color3.fromRGB(149, 121, 119)
    BeveledGreyTilesTexture.Material = Enum.Material.Slate
    BeveledGreyTilesTexture.Anchored = true
    BeveledGreyTilesTexture.CanCollide = true
    BeveledGreyTilesTexture.Parent = Mosque

    local BeveledGreyTilesTexture = Instance.new("Part")
    BeveledGreyTilesTexture.Name = "BeveledGreyTilesTexture"
    BeveledGreyTilesTexture.Size = Vector3.new(3, 2, 1)
    BeveledGreyTilesTexture.CFrame = CFrame.new(-81.9492493, 32.8658295, -10.5490608, -0.286708444, 0.675192356, -0.67964226, -0.921435118, -0.000178002709, 0.38853243, 0.262213141, 0.737641633, 0.622197032)
    BeveledGreyTilesTexture.Color = Color3.fromRGB(149, 121, 119)
    BeveledGreyTilesTexture.Material = Enum.Material.Slate
    BeveledGreyTilesTexture.Anchored = true
    BeveledGreyTilesTexture.CanCollide = true
    BeveledGreyTilesTexture.Parent = Mosque

    local BeveledGreyTilesTexture = Instance.new("Part")
    BeveledGreyTilesTexture.Name = "BeveledGreyTilesTexture"
    BeveledGreyTilesTexture.Size = Vector3.new(2, 1, 1)
    BeveledGreyTilesTexture.CFrame = CFrame.new(-82.3283615, 30.5627289, -9.52504349, -0.286659718, 0.674777448, -0.680074692, -0.921495616, -3.3087701e-05, 0.388388753, 0.26205346, 0.738021314, 0.621813953)
    BeveledGreyTilesTexture.Color = Color3.fromRGB(149, 121, 119)
    BeveledGreyTilesTexture.Material = Enum.Material.Slate
    BeveledGreyTilesTexture.Anchored = true
    BeveledGreyTilesTexture.CanCollide = true
    BeveledGreyTilesTexture.Parent = Mosque

    local BeveledGreyTilesTexture = Instance.new("Part")
    BeveledGreyTilesTexture.Name = "BeveledGreyTilesTexture"
    BeveledGreyTilesTexture.Size = Vector3.new(2, 1, 1)
    BeveledGreyTilesTexture.CFrame = CFrame.new(-82.8213348, 33.3278961, -11.7814445, -0.286659718, 0.674777448, -0.680074692, -0.921495616, -3.3087701e-05, 0.388388753, 0.26205346, 0.738021314, 0.621813953)
    BeveledGreyTilesTexture.Color = Color3.fromRGB(149, 121, 119)
    BeveledGreyTilesTexture.Material = Enum.Material.Slate
    BeveledGreyTilesTexture.Anchored = true
    BeveledGreyTilesTexture.CanCollide = true
    BeveledGreyTilesTexture.Parent = Mosque

    local CornerWedge = Instance.new("CornerWedgePart")
    CornerWedge.Name = "CornerWedge"
    CornerWedge.Size = Vector3.new(17.800003051757812, 7, 19.200002670288086)
    CornerWedge.CFrame = CFrame.new(-58.6540031, 40.619812, -0.0626106262, 0.738030016, -3.91360591e-05, 0.674765527, 8.3761217e-05, 0.999997735, -3.71222013e-05, -0.674765527, 8.43485977e-05, 0.738032937)
    CornerWedge.Color = Color3.fromRGB(99, 95, 98)
    CornerWedge.Material = Enum.Material.Slate
    CornerWedge.Anchored = true
    CornerWedge.CanCollide = true
    CornerWedge.Parent = Mosque

    local Part = Instance.new("Part")
    Part.Name = "Part"
    Part.Size = Vector3.new(2, 1, 2)
    Part.CFrame = CFrame.new(-125.507675, 8.03822327, -46.6560555, 0.674677491, 0.73811245, 0.000580266409, -0.000489339349, -0.000345167064, 1.00000131, 0.738118172, -0.674677789, 0.000129267413)
    Part.Color = Color3.fromRGB(128, 187, 219)
    Part.Material = Enum.Material.Slate
    Part.Anchored = true
    Part.CanCollide = true
    Part.Parent = Mosque

    local Part = Instance.new("Part")
    Part.Name = "Part"
    Part.Size = Vector3.new(2, 1, 2)
    Part.CFrame = CFrame.new(-125.666565, 8.02937317, -48.4985771, -0.737291753, -0.675574303, -0.000600978499, 0.000678596902, 0.000152368768, -1.00000083, 0.675574303, -0.737294793, 0.000345664681)
    Part.Color = Color3.fromRGB(128, 187, 219)
    Part.Material = Enum.Material.Slate
    Part.Anchored = true
    Part.CanCollide = true
    Part.Parent = Mosque

    local CornerWedge = Instance.new("CornerWedgePart")
    CornerWedge.Name = "CornerWedge"
    CornerWedge.Size = Vector3.new(18.000003814697266, 7.399999618530273, 18)
    CornerWedge.CFrame = CFrame.new(-100.68602, 40.8221283, -46.1762962, 0.675160885, -3.70936614e-05, -0.737670541, -3.77031429e-05, 1, -8.47930569e-05, 0.73767066, 8.50614451e-05, 0.675160825)
    CornerWedge.Color = Color3.fromRGB(99, 95, 98)
    CornerWedge.Material = Enum.Material.Slate
    CornerWedge.Anchored = true
    CornerWedge.CanCollide = true
    CornerWedge.Parent = Mosque

    local BeveledGreyTilesTexture = Instance.new("Part")
    BeveledGreyTilesTexture.Name = "BeveledGreyTilesTexture"
    BeveledGreyTilesTexture.Size = Vector3.new(23, 1, 1)
    BeveledGreyTilesTexture.CFrame = CFrame.new(-49.7734261, 34.6846619, 5.5474968, 0.737555087, -0.622467577, -0.261814147, 3.14840036e-05, -0.387676239, 0.921795607, -0.675287068, -0.679883242, -0.285912991)
    BeveledGreyTilesTexture.Color = Color3.fromRGB(149, 121, 119)
    BeveledGreyTilesTexture.Material = Enum.Material.Slate
    BeveledGreyTilesTexture.Anchored = true
    BeveledGreyTilesTexture.CanCollide = true
    BeveledGreyTilesTexture.Parent = Mosque

    local BeveledGreyTilesTexture = Instance.new("Part")
    BeveledGreyTilesTexture.Name = "BeveledGreyTilesTexture"
    BeveledGreyTilesTexture.Size = Vector3.new(22, 1, 1)
    BeveledGreyTilesTexture.CFrame = CFrame.new(-49.8813133, 33.7636032, 6.17182922, 0.737555087, -0.622467577, -0.261814147, 3.14840036e-05, -0.387676239, 0.921795607, -0.675287068, -0.679883242, -0.285912991)
    BeveledGreyTilesTexture.Color = Color3.fromRGB(149, 121, 119)
    BeveledGreyTilesTexture.Material = Enum.Material.Slate
    BeveledGreyTilesTexture.Anchored = true
    BeveledGreyTilesTexture.CanCollide = true
    BeveledGreyTilesTexture.Parent = Mosque

    local BeveledGreyTilesTexture = Instance.new("Part")
    BeveledGreyTilesTexture.Name = "BeveledGreyTilesTexture"
    BeveledGreyTilesTexture.Size = Vector3.new(20, 1, 2)
    BeveledGreyTilesTexture.CFrame = CFrame.new(-49.4438019, 29.618454, 8.13332367, 0.737692535, -0.622428536, -0.261519402, -0.000322939071, -0.387677372, 0.921798706, -0.675136685, -0.6799227, -0.286188483)
    BeveledGreyTilesTexture.Color = Color3.fromRGB(149, 121, 119)
    BeveledGreyTilesTexture.Material = Enum.Material.Slate
    BeveledGreyTilesTexture.Anchored = true
    BeveledGreyTilesTexture.CanCollide = true
    BeveledGreyTilesTexture.Parent = Mosque

    local BeveledGreyTilesTexture = Instance.new("Part")
    BeveledGreyTilesTexture.Name = "BeveledGreyTilesTexture"
    BeveledGreyTilesTexture.Size = Vector3.new(20, 1, 1)
    BeveledGreyTilesTexture.CFrame = CFrame.new(-49.8337708, 30.9984741, 7.70543289, 0.737555087, -0.622467577, -0.261814147, 3.14840036e-05, -0.387676239, 0.921795607, -0.675287068, -0.679883242, -0.285912991)
    BeveledGreyTilesTexture.Color = Color3.fromRGB(149, 121, 119)
    BeveledGreyTilesTexture.Material = Enum.Material.Slate
    BeveledGreyTilesTexture.Anchored = true
    BeveledGreyTilesTexture.CanCollide = true
    BeveledGreyTilesTexture.Parent = Mosque

    local BeveledGreyTilesTexture = Instance.new("Part")
    BeveledGreyTilesTexture.Name = "BeveledGreyTilesTexture"
    BeveledGreyTilesTexture.Size = Vector3.new(21, 1, 2)
    BeveledGreyTilesTexture.CFrame = CFrame.new(-49.8575287, 32.3815384, 6.93862152, 0.737555087, -0.622467577, -0.261814147, 3.14840036e-05, -0.387676239, 0.921795607, -0.675287068, -0.679883242, -0.285912991)
    BeveledGreyTilesTexture.Color = Color3.fromRGB(149, 121, 119)
    BeveledGreyTilesTexture.Material = Enum.Material.Slate
    BeveledGreyTilesTexture.Anchored = true
    BeveledGreyTilesTexture.CanCollide = true
    BeveledGreyTilesTexture.Parent = Mosque

    local BeveledGreyTilesTexture = Instance.new("Part")
    BeveledGreyTilesTexture.Name = "BeveledGreyTilesTexture"
    BeveledGreyTilesTexture.Size = Vector3.new(36.20000076293945, 10, 10)
    BeveledGreyTilesTexture.CFrame = CFrame.new(-58.9892426, 19.1002579, -5.82341003, 3.84376244e-06, 0.675028682, -0.737791598, -1.00000226, -3.61934838e-07, 2.44848451e-07, -7.06177616e-07, 0.737797141, 0.67502892)
    BeveledGreyTilesTexture.Color = Color3.fromRGB(149, 121, 119)
    BeveledGreyTilesTexture.Material = Enum.Material.Slate
    BeveledGreyTilesTexture.Anchored = true
    BeveledGreyTilesTexture.CanCollide = true
    BeveledGreyTilesTexture.Parent = Mosque

    local Part = Instance.new("Part")
    Part.Name = "Part"
    Part.Size = Vector3.new(1, 1, 22)
    Part.CFrame = CFrame.new(-117.562805, 8.5112915, -55.9146652, 0.6749385, 0.000257569511, -0.737874269, -4.43119498e-05, 1.00000155, 0.000314743782, 0.737879813, -0.000178846909, 0.674938738)
    Part.Color = Color3.fromRGB(128, 187, 219)
    Part.Material = Enum.Material.Slate
    Part.Anchored = true
    Part.CanCollide = true
    Part.Parent = Mosque

    local BeveledGreyTilesTexture = Instance.new("Part")
    BeveledGreyTilesTexture.Name = "BeveledGreyTilesTexture"
    BeveledGreyTilesTexture.Size = Vector3.new(40, 1, 1)
    BeveledGreyTilesTexture.CFrame = CFrame.new(-43.7627182, 35.5983887, -0.476543427, 0.737555087, -0.622467577, -0.261814147, 3.14840036e-05, -0.387676239, 0.921795607, -0.675287068, -0.679883242, -0.285912991)
    BeveledGreyTilesTexture.Color = Color3.fromRGB(149, 121, 119)
    BeveledGreyTilesTexture.Material = Enum.Material.Slate
    BeveledGreyTilesTexture.Anchored = true
    BeveledGreyTilesTexture.CanCollide = true
    BeveledGreyTilesTexture.Parent = Mosque

    local BeveledGreyTilesTexture = Instance.new("Part")
    BeveledGreyTilesTexture.Name = "BeveledGreyTilesTexture"
    BeveledGreyTilesTexture.Size = Vector3.new(15, 1, 24)
    BeveledGreyTilesTexture.CFrame = CFrame.new(-116.888702, 8.51226044, -55.1773872, -0.000267869764, 0.675128043, -0.737700701, -1.00000238, -9.27869696e-05, 0.000284359296, 0.00012267298, 0.737706363, 0.675128222)
    BeveledGreyTilesTexture.Color = Color3.fromRGB(149, 121, 119)
    BeveledGreyTilesTexture.Material = Enum.Material.Slate
    BeveledGreyTilesTexture.Anchored = true
    BeveledGreyTilesTexture.CanCollide = true
    BeveledGreyTilesTexture.Parent = Mosque

    local BeveledGreyTilesTexture = Instance.new("Part")
    BeveledGreyTilesTexture.Name = "BeveledGreyTilesTexture"
    BeveledGreyTilesTexture.Size = Vector3.new(49.55006790161133, 43.869991302490234, 1)
    BeveledGreyTilesTexture.CFrame = CFrame.new(-69.248703, 45.7761955, -33.0966873, 0.686814547, -0.674768567, -0.270136774, 0.366052121, 3.8992388e-05, 0.930598438, -0.627925873, -0.738035321, 0.24702698)
    BeveledGreyTilesTexture.Color = Color3.fromRGB(149, 121, 119)
    BeveledGreyTilesTexture.Material = Enum.Material.Slate
    BeveledGreyTilesTexture.Anchored = true
    BeveledGreyTilesTexture.CanCollide = true
    BeveledGreyTilesTexture.Parent = Mosque

    local BeveledGreyTilesTexture = Instance.new("Part")
    BeveledGreyTilesTexture.Name = "BeveledGreyTilesTexture"
    BeveledGreyTilesTexture.Size = Vector3.new(42, 1, 1)
    BeveledGreyTilesTexture.CFrame = CFrame.new(-43.2872849, 36.5214844, -1.4369278, 0.737555087, -0.622467577, -0.261814147, 3.14840036e-05, -0.387676239, 0.921795607, -0.675287068, -0.679883242, -0.285912991)
    BeveledGreyTilesTexture.Color = Color3.fromRGB(149, 121, 119)
    BeveledGreyTilesTexture.Material = Enum.Material.Slate
    BeveledGreyTilesTexture.Anchored = true
    BeveledGreyTilesTexture.CanCollide = true
    BeveledGreyTilesTexture.Parent = Mosque

    local BeveledGreyTilesTexture = Instance.new("Part")
    BeveledGreyTilesTexture.Name = "BeveledGreyTilesTexture"
    BeveledGreyTilesTexture.Size = Vector3.new(36.00004196166992, 10, 10)
    BeveledGreyTilesTexture.CFrame = CFrame.new(-95.3167648, 19.3222885, -45.9484138, 3.84376244e-06, 0.675028682, -0.737791598, -1.00000226, -3.61934838e-07, 2.44848451e-07, -7.06177616e-07, 0.737797141, 0.67502892)
    BeveledGreyTilesTexture.Color = Color3.fromRGB(149, 121, 119)
    BeveledGreyTilesTexture.Material = Enum.Material.Slate
    BeveledGreyTilesTexture.Anchored = true
    BeveledGreyTilesTexture.CanCollide = true
    BeveledGreyTilesTexture.Parent = Mosque

    local Texturelirampa = Instance.new("WedgePart")
    Texturelirampa.Name = "Textureli rampa"
    Texturelirampa.Size = Vector3.new(1, 1, 3)
    Texturelirampa.CFrame = CFrame.new(-41.8288651, 30.0763397, 0.901313782, 0.62251842, 0.737624586, -0.261497349, 0.3876504, -0.000365434884, 0.921806395, 0.679851532, -0.675211012, -0.28616792)
    Texturelirampa.Color = Color3.fromRGB(149, 121, 119)
    Texturelirampa.Material = Enum.Material.Slate
    Texturelirampa.Anchored = true
    Texturelirampa.CanCollide = true
    Texturelirampa.Parent = Mosque

    local Texturelirampa = Instance.new("WedgePart")
    Texturelirampa.Name = "Textureli rampa"
    Texturelirampa.Size = Vector3.new(1, 1, 1)
    Texturelirampa.CFrame = CFrame.new(-41.3994789, 33.7625732, -1.59402084, 0.62251842, 0.737624586, -0.261497349, 0.3876504, -0.000365434884, 0.921806395, 0.679851532, -0.675211012, -0.28616792)
    Texturelirampa.Color = Color3.fromRGB(149, 121, 119)
    Texturelirampa.Material = Enum.Material.Slate
    Texturelirampa.Anchored = true
    Texturelirampa.CanCollide = true
    Texturelirampa.Parent = Mosque

    local Texturelirampa = Instance.new("WedgePart")
    Texturelirampa.Name = "Textureli rampa"
    Texturelirampa.Size = Vector3.new(1, 1, 2)
    Texturelirampa.CFrame = CFrame.new(-41.7447052, 32.3814545, -0.489841461, 0.62251842, 0.737624586, -0.261497349, 0.3876504, -0.000365434884, 0.921806395, 0.679851532, -0.675211012, -0.28616792)
    Texturelirampa.Color = Color3.fromRGB(149, 121, 119)
    Texturelirampa.Material = Enum.Material.Slate
    Texturelirampa.Anchored = true
    Texturelirampa.CanCollide = true
    Texturelirampa.Parent = Mosque

    local Texturelirampa = Instance.new("WedgePart")
    Texturelirampa.Name = "Textureli rampa"
    Texturelirampa.Size = Vector3.new(1, 3, 1)
    Texturelirampa.CFrame = CFrame.new(-40.1859818, 34.6837463, -3.23059082, 0.62251842, 0.737624586, -0.261497349, 0.3876504, -0.000365434884, 0.921806395, 0.679851532, -0.675211012, -0.28616792)
    Texturelirampa.Color = Color3.fromRGB(149, 121, 119)
    Texturelirampa.Material = Enum.Material.Slate
    Texturelirampa.Anchored = true
    Texturelirampa.CanCollide = true
    Texturelirampa.Parent = Mosque

    local BeveledGreyTilesTexture = Instance.new("Part")
    BeveledGreyTilesTexture.Name = "BeveledGreyTilesTexture"
    BeveledGreyTilesTexture.Size = Vector3.new(15, 2, 43)
    BeveledGreyTilesTexture.CFrame = CFrame.new(-92.6033783, 8.50523376, -44.1914177, -0.000267869764, 0.675128043, -0.737700701, -1.00000238, -9.27869696e-05, 0.000284359296, 0.00012267298, 0.737706363, 0.675128222)
    BeveledGreyTilesTexture.Color = Color3.fromRGB(149, 121, 119)
    BeveledGreyTilesTexture.Material = Enum.Material.Slate
    BeveledGreyTilesTexture.Anchored = true
    BeveledGreyTilesTexture.CanCollide = true
    BeveledGreyTilesTexture.Parent = Mosque

    local Texturelirampa = Instance.new("WedgePart")
    Texturelirampa.Name = "Textureli rampa"
    Texturelirampa.Size = Vector3.new(1, 1, 1)
    Texturelirampa.CFrame = CFrame.new(-36.236721, 33.7601547, -6.32117081, 0.62258029, 0.261538923, 0.73755753, 0.38765958, -0.921806395, -0.000361127924, 0.679793715, 0.286147088, -0.675284326)
    Texturelirampa.Color = Color3.fromRGB(149, 121, 119)
    Texturelirampa.Material = Enum.Material.Slate
    Texturelirampa.Anchored = true
    Texturelirampa.CanCollide = true
    Texturelirampa.Parent = Mosque

    local Texturelirampa = Instance.new("WedgePart")
    Texturelirampa.Name = "Textureli rampa"
    Texturelirampa.Size = Vector3.new(1, 1, 1)
    Texturelirampa.CFrame = CFrame.new(-106.928802, 12.5113907, -64.2930756, -0.67444402, -5.00595088e-05, -0.73832643, 0.000303270412, -1.0000025, -0.000203253891, -0.738331497, -0.000361732207, 0.674444556)
    Texturelirampa.Color = Color3.fromRGB(149, 121, 119)
    Texturelirampa.Material = Enum.Material.Slate
    Texturelirampa.Anchored = true
    Texturelirampa.CanCollide = true
    Texturelirampa.Parent = Mosque

    local Texturelirampa = Instance.new("WedgePart")
    Texturelirampa.Name = "Textureli rampa"
    Texturelirampa.Size = Vector3.new(1, 3, 1)
    Texturelirampa.CFrame = CFrame.new(-107.666756, 10.5113068, -63.6184464, -0.67444402, -5.00595088e-05, -0.73832643, 0.000303270412, -1.0000025, -0.000203253891, -0.738331497, -0.000361732207, 0.674444556)
    Texturelirampa.Color = Color3.fromRGB(149, 121, 119)
    Texturelirampa.Material = Enum.Material.Slate
    Texturelirampa.Anchored = true
